100 100
48 43 1 30 43 92 28 20 9 66 70 36 91 71 31 52 33 74 69 64 17 38 54 99 54 53 86 46 97 10 89 45 54 42 75 49 34 3 21 44 22 92 32 65 15 63 18 1 38 39 17 7 78 71 6 84 24 45 30 73 55 19 18 61 61 46 63 95 1 84 91 23 28 23 89 44 39 59 97 29 50 14 36 80 86 43 64 62 40 94 36 95 65 6 57 26 52 20 74 54 
56 65 29 85 41 70 81 80 29 78 9 80 92 97 60 30 92 77 45 32 71 33 28 37 39 37 15 44 9 89 50 65 7 31 2 48 2 35 80 31 13 41 63 58 38 76 40 31 53 85 15 76 18 43 13 10 32 81 6 41 70 8 59 29 39 61 77 41 97 57 25 62 50 40 72 89 68 65 72 21 2 87 98 73 83 63 83 15 44 41 9 67 49 68 96 40 81 26 34 78 
35 59 93 86 51 17 27 20 34 99 93 37 86 43 10 21 7 45 37 3 86 46 22 87 66 71 27 47 49 61 78 36 72 23 22 24 40 1 96 27 0 89 64 39 33 74 60 92 71 49 47 9 47 22 48 13 45 75 61 94 89 39 30 13 62 5 89 54 6 85 81 59 27 97 50 60 23 62 4 94 12 3 3 11 25 51 25 70 79 38 16 20 29 47 33 43 4 23 49 10 
60 31 21 87 80 71 99 4 34 3 98 98 7 54 61 84 57 86 55 36 76 71 8 5 70 42 48 74 17 98 37 77 81 58 17 61 82 16 65 68 72 16 18 31 70 79 15 79 18 22 16 94 94 24 0 16 18 0 91 87 50 80 17 83 90 34 45 72 2 62 92 74 30 10 57 52 90 73 32 8 95 0 54 41 76 54 58 47 7 1 34 57 33 51 41 23 37 38 48 92 
52 40 18 35 51 76 87 93 49 19 53 96 71 7 38 48 14 48 95 21 1 29 30 34 33 23 9 22 61 57 14 66 98 33 1 1 9 88 94 58 60 47 54 31 54 44 31 68 92 26 41 45 8 72 79 41 95 89 63 9 98 30 75 96 63 28 97 72 68 91 82 28 90 88 12 45 33 43 65 77 70 7 23 30 31 54 23 26 95 86 87 94 68 14 42 31 42 92 55 11 
83 37 91 26 26 3 23 59 47 88 88 69 47 63 99 78 18 22 57 65 60 96 59 29 11 54 60 53 46 16 16 81 5 8 7 31 11 30 42 58 71 83 79 70 46 78 49 64 0 58 30 61 54 41 42 17 95 54 71 41 22 39 23 28 47 82 11 59 13 54 69 36 89 49 6 35 27 7 52 80 65 82 93 72 75 35 89 71 89 12 64 64 52 39 92 51 22 3 62 87 
9 32 23 98 33 29 86 12 37 38 92 54 20 85 78 47 72 20 70 14 84 35 78 88 26 70 40 48 25 2 35 87 34 10 85 19 40 23 32 29 61 24 35 81 62 14 81 86 86 51 0 70 86 78 59 13 0 99 13 78 1 1 65 88 11 2 59 3 26 91 84 87 68 20 21 30 86 2 68 72 5 69 42 92 99 1 57 52 52 22 82 6 23 47 46 35 1 5 38 27 
97 75 67 17 95 40 99 81 94 67 5 99 88 47 43 88 1 0 92 53 23 74 59 98 73 5 33 74 63 24 54 60 99 21 77 46 13 28 79 7 95 84 58 84 31 2 24 84 54 16 38 29 42 49 28 15 55 13 89 18 89 43 30 40 16 59 86 81 87 65 40 34 1 99 18 33 1 42 69 7 10 7 37 52 57 17 67 64 30 9 34 20 4 64 12 73 75 99 54 14 
16 95 48 18 94 67 3 47 61 72 54 24 80 43 76 89 60 96 53 43 57 87 15 61 3 27 34 30 78 41 44 95 88 44 13 34 63 68 81 77 40 87 1 72 83 77 13 95 25 66 38 82 5 5 44 8 85 30 90 63 23 86 58 11 31 23 45 94 43 78 71 36 18 72 8 1 2 22 96 27 40 87 62 46 44 6 6 29 88 97 93 64 83 3 75 66 79 73 13 22 
51 36 58 69 9 19 70 63 93 19 42 33 58 4 31 2 62 38 32 51 87 77 67 22 80 42 89 11 15 2 86 19 38 96 88 99 15 11 14 60 82 57 94 40 61 77 42 24 67 26 27 54 3 94 29 36 88 70 99 56 24 85 75 62 82 15 14 49 78 80 10 60 37 56 52 51 33 47 27 1 73 6 7 29 52 36 65 40 58 16 48 82 2 23 97 84 91 11 33 21 
43 43 82 81 51 86 84 85 33 11 38 7 17 45 36 69 34 53 61 92 69 10 27 23 85 24 7 76 87 93 98 30 88 32 11 40 18 47 77 52 58 15 11 75 12 47 96 98 52 58 43 73 68 70 97 53 94 56 82 81 1 80 11 90 64 75 82 82 22 59 86 81 26 97 8 38 96 57 37 48 15 80 22 35 2 71 88 96 27 22 77 29 2 40 71 18 15 53 1 90 
64 39 23 90 37 83 80 33 40 69 34 55 1 8 42 3 79 83 51 6 5 28 87 60 21 58 78 88 63 31 78 79 71 1 21 60 85 54 45 77 23 79 85 25 87 27 80 66 10 32 25 16 12 12 76 33 23 6 74 38 38 52 18 61 6 91 21 43 45 66 20 69 98 5 46 37 33 26 4 43 10 81 11 23 45 39 8 20 46 82 59 84 35 29 97 93 20 70 36 18 
88 8 39 86 14 85 24 99 63 80 94 26 13 6 49 58 45 57 79 91 92 90 27 79 19 76 72 91 46 60 61 35 68 0 21 82 37 97 33 53 29 28 79 42 34 28 53 31 37 32 75 29 74 54 8 93 31 32 36 77 92 98 12 61 50 86 95 88 35 29 41 65 9 72 7 43 0 60 26 89 44 1 71 18 8 79 63 39 64 52 68 56 2 33 69 52 19 17 92 6 
98 85 71 7 57 31 2 9 43 28 99 88 82 70 58 90 1 74 81 65 26 49 74 80 82 43 32 53 60 77 60 58 14 83 17 72 14 19 81 10 0 32 50 82 2 8 24 56 82 5 21 60 54 95 40 89 91 25 42 3 54 2 62 68 38 31 40 4 51 74 14 51 6 64 85 61 73 9 17 7 14 90 20 20 38 12 9 29 89 52 32 43 6 46 12 96 78 4 1 81 
30 15 32 89 80 17 50 5 78 19 64 44 61 84 64 99 49 74 80 38 78 65 82 36 63 46 33 93 50 34 74 33 1 58 22 81 27 72 86 5 43 3 49 56 87 66 8 88 92 40 27 22 5 61 58 21 7 43 14 9 29 89 42 31 99 64 12 27 88 51 84 83 54 86 40 93 52 48 82 96 88 61 18 46 74 28 67 81 72 33 42 53 74 37 84 74 53 49 53 42 
52 37 77 6 75 17 51 27 17 85 75 58 98 93 56 72 22 75 5 46 8 48 51 35 85 36 61 38 37 14 32 89 3 10 47 79 79 98 58 49 36 34 59 34 27 67 7 1 94 12 99 54 12 51 89 49 39 50 40 76 64 24 17 20 86 64 99 18 14 57 67 50 91 78 37 71 97 96 24 91 60 24 45 25 27 35 74 18 37 14 94 54 39 11 74 25 27 73 95 41 
30 62 44 74 92 33 97 41 29 21 32 41 97 78 66 24 65 41 42 2 7 88 56 98 51 82 76 78 55 71 72 38 86 68 64 30 1 61 72 30 34 4 23 32 34 90 8 99 31 51 54 90 91 62 89 95 45 17 25 52 88 97 90 26 17 6 57 18 67 29 0 2 85 24 86 20 14 94 71 97 97 25 87 89 40 28 84 37 45 9 89 86 59 32 12 76 38 21 47 58 
50 47 12 88 71 98 8 37 92 79 34 90 57 74 31 49 54 67 86 52 28 27 90 87 59 54 16 50 76 15 8 78 62 72 66 86 70 74 75 62 6 62 4 15 36 35 64 42 2 2 94 31 29 84 70 41 39 38 91 15 53 51 45 68 23 12 54 93 38 29 7 96 91 64 63 79 51 27 22 54 81 16 37 11 53 59 52 92 98 95 59 3 46 4 71 69 68 77 14 59 
59 73 55 2 37 19 82 89 98 56 95 80 24 84 43 77 43 47 21 93 42 80 97 88 37 20 9 5 98 75 16 9 48 72 11 86 43 45 75 41 53 22 73 78 6 16 7 49 63 29 95 57 61 44 97 50 64 6 8 14 81 24 23 82 48 87 68 91 84 95 33 38 17 6 16 23 75 75 72 90 56 19 48 70 63 45 20 28 4 28 94 37 5 70 19 53 57 87 45 41 
82 30 79 51 88 47 74 63 75 99 54 31 18 2 1 82 99 74 62 3 54 56 41 59 26 60 13 35 0 10 77 34 40 8 86 28 8 12 44 83 11 98 66 82 52 68 64 51 42 78 55 96 34 48 8 13 60 73 48 60 83 77 95 75 38 33 55 46 45 99 81 9 97 47 91 49 67 7 53 61 85 60 58 71 8 18 84 68 91 85 81 26 62 28 1 52 61 56 50 58 
56 31 67 5 31 58 55 98 65 60 60 50 20 70 22 80 88 58 0 31 43 81 57 58 61 58 10 74 66 61 33 22 92 0 28 75 11 35 74 28 95 86 79 67 8 53 47 96 63 47 79 7 81 36 65 42 46 27 69 12 88 2 35 33 54 15 8 17 2 34 46 49 72 25 16 80 30 15 28 45 14 7 52 95 43 69 90 89 49 59 2 37 13 89 22 19 56 83 37 58 
17 83 59 42 60 75 22 42 42 51 87 56 58 40 4 54 61 94 43 10 5 97 0 70 38 22 89 46 5 26 4 75 61 63 17 21 90 91 63 32 42 51 41 53 43 45 7 56 39 2 67 96 52 19 66 90 41 7 37 99 86 93 26 47 9 43 69 51 86 84 36 29 87 77 34 30 22 41 87 13 95 6 9 47 77 27 38 18 86 27 69 72 72 95 20 81 90 41 33 77 
77 69 58 65 46 92 95 68 85 34 33 80 92 42 28 69 21 18 40 7 97 9 80 69 57 52 51 99 45 36 76 22 57 86 87 55 30 35 75 15 21 8 48 14 50 28 35 23 98 27 30 95 89 10 64 46 14 67 45 59 55 74 34 12 60 73 19 43 8 94 58 30 2 58 96 4 86 83 27 36 11 58 31 0 20 48 98 87 67 95 98 23 21 32 87 34 6 7 77 14 
53 35 96 56 46 44 12 84 80 40 21 43 50 4 43 22 52 93 9 72 40 60 95 62 92 34 96 98 93 73 65 47 60 13 3 6 10 67 43 90 59 64 33 9 68 28 84 73 73 45 45 13 5 92 75 98 78 71 48 72 96 65 19 57 79 74 15 41 41 58 31 1 22 16 62 43 96 98 16 69 44 13 34 1 57 10 99 35 33 0 7 30 65 78 87 44 4 54 85 46 
13 68 99 35 36 13 78 32 12 46 53 8 11 88 9 68 50 61 4 35 61 63 17 78 42 56 75 46 11 12 44 24 81 95 59 69 61 90 54 73 88 7 33 0 47 94 68 49 55 24 85 68 88 2 47 30 59 22 28 70 34 73 46 67 20 5 89 81 47 43 6 36 50 39 88 50 34 56 99 41 81 36 10 69 91 9 51 2 83 79 24 69 4 70 89 25 27 78 6 75 
21 13 63 23 4 51 25 90 59 77 32 40 13 94 61 56 55 64 58 38 96 82 7 0 4 48 77 32 26 36 59 99 1 22 75 5 25 0 96 84 77 80 77 43 74 38 99 29 55 10 19 51 44 78 3 49 27 81 33 5 69 92 5 70 66 32 75 91 32 23 75 62 3 4 57 29 95 56 10 50 18 81 1 63 60 56 12 39 89 97 44 58 89 1 28 7 33 56 98 18 
79 25 32 35 30 89 16 25 97 27 27 16 8 80 79 20 36 43 59 26 92 4 84 81 57 65 40 43 21 90 13 52 15 45 87 97 34 4 74 83 83 53 99 43 33 30 64 70 25 23 96 17 79 32 50 37 49 90 32 22 80 45 75 48 90 14 97 76 70 24 11 53 77 11 49 11 93 13 81 71 36 29 40 68 13 91 57 63 33 89 85 66 34 12 66 76 27 63 4 49 
87 15 55 17 78 4 28 72 17 61 95 5 42 35 73 7 26 30 22 12 71 8 78 57 72 44 33 51 59 89 1 99 5 56 16 35 12 96 59 29 9 54 86 51 90 12 58 68 94 81 80 66 41 10 23 65 6 9 17 18 50 70 69 55 78 37 43 90 33 2 71 42 57 57 45 99 69 55 19 64 88 52 82 81 62 57 47 21 66 16 91 17 86 60 24 16 97 67 6 30 
22 77 24 79 86 21 30 8 28 49 24 17 1 6 50 16 63 49 37 82 65 80 51 3 40 75 19 37 95 25 19 17 54 95 48 93 68 30 53 96 79 77 65 33 35 16 49 50 65 38 84 83 18 35 86 58 63 58 47 10 83 66 27 90 13 27 35 81 57 88 77 88 17 43 21 52 11 70 54 28 8 39 11 78 74 50 88 89 8 35 99 43 53 26 33 66 5 20 47 14 
8 25 3 25 20 76 29 31 47 84 59 7 23 23 38 49 73 26 39 81 62 38 24 15 17 10 82 74 30 29 89 91 6 44 68 78 20 98 61 19 34 73 79 9 96 17 58 69 43 49 2 5 40 26 21 9 88 55 83 19 36 24 62 95 68 30 73 41 28 35 60 62 8 39 23 56 56 82 25 52 83 27 57 23 5 30 32 94 85 16 65 74 40 27 69 61 57 42 54 38 
29 14 52 89 6 76 45 14 58 22 66 93 1 76 17 7 6 49 53 44 17 18 18 10 97 39 23 54 81 77 44 63 43 97 52 1 73 98 16 83 20 34 76 74 62 93 33 69 95 86 65 64 56 35 74 53 74 97 59 7 26 4 70 70 53 23 71 26 73 39 61 45 74 37 19 36 83 52 57 30 90 74 94 46 9 21 51 35 70 63 43 97 19 65 67 72 40 38 50 13 
78 63 11 4 52 30 92 87 35 2 17 25 76 64 24 38 37 27 73 7 90 68 4 61 86 23 85 26 62 87 92 92 50 3 48 3 85 92 90 20 94 60 98 71 76 22 9 13 49 34 20 92 3 77 5 89 0 91 67 62 78 59 6 29 62 6 84 48 99 74 20 93 86 18 16 62 40 25 75 42 60 48 86 15 25 91 56 25 82 23 40 13 35 98 94 97 5 78 97 56 
4 70 49 91 88 66 53 81 43 81 75 55 29 61 70 54 52 78 31 87 2 71 52 37 70 46 86 27 24 36 83 80 6 84 71 94 2 77 27 46 58 2 1 39 63 24 45 68 2 76 7 56 0 59 45 70 5 84 97 81 20 32 61 78 16 85 72 19 62 52 17 72 54 18 63 18 94 8 38 97 36 45 5 36 56 3 6 61 87 55 94 7 39 55 85 56 40 9 27 54 
61 44 26 68 14 41 38 9 49 76 58 86 73 63 74 29 66 33 42 5 88 36 64 28 43 1 36 36 11 63 90 24 7 69 92 21 10 30 82 12 58 40 50 31 56 24 60 74 57 54 80 98 90 44 78 86 46 14 22 9 29 64 85 88 85 78 61 48 60 44 12 71 84 62 2 92 38 15 67 96 21 47 46 12 91 24 50 89 38 72 98 19 88 84 7 26 14 68 74 26 
64 86 49 1 0 52 93 38 19 60 86 40 59 32 4 3 56 54 92 46 78 43 17 19 79 24 45 93 45 19 71 61 57 21 62 9 25 8 99 96 20 86 88 80 70 45 83 79 99 27 77 30 70 95 49 49 19 94 94 16 65 18 78 74 91 92 83 16 52 34 64 73 72 52 53 43 97 88 74 49 67 51 79 90 46 80 39 18 74 86 34 91 56 64 65 47 9 0 63 61 
34 79 34 7 31 39 2 29 79 76 30 99 27 61 89 26 41 80 44 67 66 30 58 74 95 23 21 56 75 36 17 61 15 4 68 47 95 22 28 75 50 58 74 78 19 63 4 12 95 0 79 14 30 37 88 25 12 10 33 87 46 51 48 62 7 69 61 2 43 41 77 94 51 3 24 22 18 80 34 14 80 13 80 10 2 68 88 14 78 21 53 77 24 53 91 31 74 4 34 18 
45 63 64 96 67 88 18 37 68 4 3 48 17 83 10 19 52 98 85 82 20 38 59 44 43 2 76 18 6 62 88 51 25 52 99 44 40 69 82 60 73 37 60 42 73 70 13 25 21 98 59 41 88 71 37 32 73 65 2 80 27 90 83 5 42 83 49 34 4 83 94 78 21 54 20 94 76 86 71 97 36 82 90 25 53 80 9 27 97 63 59 77 53 42 82 47 77 83 81 82 
67 75 12 40 81 84 86 9 70 9 7 7 91 97 84 45 29 45 72 27 8 83 4 13 25 86 60 55 69 93 89 88 68 1 28 1 37 66 10 60 75 69 67 67 19 3 12 48 0 36 75 8 19 31 73 96 17 33 3 39 26 92 79 46 45 60 99 83 26 61 43 2 31 62 21 50 17 85 98 17 73 74 77 92 5 50 40 75 35 44 66 13 88 45 59 34 57 10 69 84 
71 12 38 2 26 59 52 43 44 3 60 17 77 37 61 34 39 53 61 74 49 79 87 38 77 98 24 34 8 93 18 31 57 56 34 83 67 38 78 11 41 38 80 70 27 93 57 66 47 70 92 96 50 79 86 79 29 62 65 89 55 36 20 64 92 6 47 12 45 25 75 38 15 56 61 94 49 18 60 48 40 52 97 90 83 35 21 12 98 87 1 5 23 74 70 67 80 69 79 77 
47 55 68 62 63 29 57 64 99 69 13 39 74 62 82 9 97 3 22 95 42 75 1 65 1 71 85 34 40 16 63 39 71 31 2 86 12 11 51 11 32 16 51 6 78 33 16 27 88 90 75 31 17 76 48 19 99 85 53 91 2 16 31 25 0 85 12 12 48 15 76 80 31 79 39 61 64 55 40 52 97 15 35 14 43 36 85 42 21 38 86 23 7 69 49 59 6 13 23 54 
28 99 34 11 78 73 24 42 80 64 47 77 80 82 44 75 18 29 18 92 68 56 15 27 77 16 38 83 29 61 89 9 61 23 72 39 49 96 34 29 13 81 59 45 63 3 20 34 32 90 26 52 98 93 31 75 10 69 10 91 31 99 53 44 75 25 83 24 74 17 5 39 98 16 84 14 71 56 0 56 47 26 8 45 19 92 73 81 13 83 25 44 35 78 88 10 55 24 86 81 
93 43 20 44 60 56 10 83 13 10 39 12 36 48 9 7 92 82 41 5 18 66 2 53 96 90 15 3 66 53 85 60 96 57 56 8 66 66 92 79 76 83 43 12 83 52 71 75 35 12 81 5 30 35 58 26 25 25 30 44 78 67 56 26 24 12 87 90 78 31 21 6 14 64 70 98 17 41 25 4 6 58 9 36 93 19 15 71 44 97 15 74 64 71 52 40 35 91 83 65 
22 56 71 89 73 41 39 90 34 64 46 40 23 55 29 16 74 96 87 70 93 54 96 9 77 0 1 12 92 36 29 66 93 0 55 66 93 94 8 28 11 54 68 34 9 49 2 35 45 42 5 38 96 53 99 26 53 1 90 45 37 20 12 82 20 19 48 14 14 56 42 77 10 62 11 71 64 65 6 9 7 11 0 56 64 99 82 70 52 72 15 42 92 79 24 65 99 73 79 65 
29 73 42 92 87 5 63 51 70 70 61 78 33 13 34 50 64 68 20 17 40 87 59 85 67 83 50 18 8 81 35 38 6 77 82 93 82 45 97 4 67 10 82 53 23 68 3 87 36 75 56 29 62 15 14 81 51 16 51 59 49 86 49 55 63 31 0 97 29 97 2 48 59 36 1 34 57 56 22 45 31 30 74 46 46 40 79 49 8 31 8 57 17 58 12 81 41 65 30 22 
14 84 71 74 73 72 8 30 81 82 75 12 65 2 10 11 94 90 12 3 21 20 60 38 30 25 71 72 90 2 94 4 38 65 30 11 90 91 93 71 25 21 35 90 75 46 53 69 36 65 72 57 86 85 95 16 10 19 88 52 73 35 8 11 52 91 75 42 82 68 65 7 41 1 98 16 99 3 86 35 69 10 44 55 95 91 23 57 10 64 61 83 99 22 47 3 13 74 46 95 
94 63 54 36 16 4 52 15 8 90 2 77 1 98 84 48 90 59 58 52 23 71 36 74 93 35 78 6 9 76 53 3 91 8 39 8 12 44 75 72 86 30 49 39 28 85 40 70 45 98 23 20 21 11 47 15 46 77 73 7 5 27 10 96 35 2 56 99 98 84 72 84 66 73 24 46 11 64 17 8 14 40 28 87 51 27 2 49 56 28 56 61 55 66 10 42 20 18 93 18 
2 17 55 20 91 79 67 2 95 84 10 61 76 90 48 27 70 3 28 26 31 84 88 38 2 50 32 23 68 77 93 71 95 48 91 86 79 10 40 74 94 2 87 70 44 36 49 14 39 77 93 22 61 33 12 16 83 96 39 51 73 32 74 68 33 18 6 12 28 98 39 23 0 26 45 97 62 47 63 53 24 56 75 38 89 39 54 24 35 45 76 9 77 2 77 62 20 36 75 49 
34 14 24 87 40 21 36 55 68 99 8 93 56 36 83 97 75 89 22 11 34 50 72 63 52 1 26 25 37 1 74 24 67 50 63 7 71 99 62 40 98 23 85 6 59 68 56 86 9 30 49 43 80 21 6 84 23 84 9 12 37 35 88 4 85 51 64 9 2 78 49 1 1 34 59 12 54 67 99 63 97 48 58 29 22 64 14 97 1 75 9 38 63 50 95 0 1 59 9 4 
89 58 57 91 44 68 55 50 36 6 13 33 55 71 63 29 88 29 26 41 56 35 79 19 37 74 20 39 85 29 95 75 40 52 18 36 72 25 87 8 32 0 42 39 24 57 68 64 38 94 5 94 81 36 66 19 63 38 10 48 19 5 75 59 9 45 96 81 71 83 90 55 35 84 94 11 93 62 75 83 56 32 29 89 69 95 8 32 33 70 32 53 75 60 64 36 5 12 18 28 
95 60 83 83 96 77 94 41 91 22 24 99 54 53 89 23 49 49 7 34 20 92 39 47 52 56 84 9 68 54 90 16 14 73 51 62 3 45 3 46 19 27 46 74 80 87 49 81 36 9 68 8 1 59 56 53 15 40 14 84 94 4 52 60 30 3 22 33 0 77 31 20 4 77 46 36 16 95 70 5 56 38 13 57 97 69 62 65 61 77 49 7 81 53 67 11 56 41 96 56 
18 28 76 74 57 74 63 74 22 33 79 78 23 44 36 72 14 98 37 27 27 38 35 9 91 54 20 47 96 69 56 66 97 84 41 6 59 56 32 81 89 63 59 64 8 47 36 74 98 74 1 25 12 88 86 56 43 59 55 39 28 11 57 25 48 50 83 7 6 16 40 47 79 51 11 87 99 48 13 49 74 15 26 38 3 13 94 98 72 2 89 0 13 47 77 13 97 12 20 56 
28 12 3 60 64 67 99 15 67 13 16 41 80 42 31 83 7 78 34 79 80 23 31 45 70 60 59 20 25 31 76 53 44 79 65 8 46 65 75 65 78 91 6 58 33 90 93 41 68 27 72 48 51 56 93 73 68 52 93 93 84 69 99 28 1 64 88 99 29 63 65 59 54 23 17 39 13 11 32 81 90 57 29 93 65 75 67 33 27 12 79 63 34 78 43 35 94 31 86 24 
46 3 83 52 27 53 44 92 16 76 74 6 33 55 0 98 30 19 84 10 31 63 25 17 93 69 4 87 52 91 11 99 46 47 3 73 0 47 66 68 24 92 74 9 99 26 60 82 97 44 92 81 59 17 98 52 38 3 39 91 46 3 42 92 2 45 66 54 45 84 22 69 28 48 30 27 75 90 9 72 86 53 53 45 23 4 49 13 7 41 4 53 96 98 45 98 96 63 52 41 
99 26 10 79 74 92 7 1 83 68 26 21 74 79 19 49 35 68 62 42 61 19 47 57 17 93 7 65 8 11 6 60 37 68 39 64 61 98 65 96 67 91 69 93 23 88 94 58 9 56 53 70 27 0 80 45 45 87 10 54 99 69 14 36 37 53 0 98 52 18 46 71 9 16 16 84 4 10 43 65 18 96 88 46 48 68 91 94 7 53 48 6 22 14 95 12 19 47 62 23 
65 9 94 27 77 62 11 33 72 6 99 91 54 87 89 3 7 80 49 14 85 97 73 60 63 20 24 82 67 86 6 85 95 52 64 72 15 27 6 39 86 57 82 40 96 71 95 55 3 44 21 41 93 94 53 56 14 77 91 34 63 97 71 11 1 35 35 68 62 93 60 0 50 94 41 98 18 88 53 73 85 75 14 78 21 19 87 36 96 78 22 12 27 93 23 80 28 10 1 42 
4 61 43 6 55 36 5 73 76 10 47 61 85 13 92 7 33 31 95 81 61 17 93 88 62 68 20 42 79 21 36 83 82 31 41 90 67 46 15 96 9 14 57 94 80 1 53 13 32 0 46 93 69 92 33 31 60 54 73 91 27 62 74 62 93 68 52 61 14 19 9 75 34 66 70 14 20 75 79 52 76 25 46 97 69 31 29 30 37 54 21 65 16 48 27 10 16 31 23 82 
50 32 10 84 50 80 50 70 7 29 75 35 7 73 33 76 4 62 58 42 68 80 59 37 80 86 99 48 69 22 82 19 6 92 56 8 24 6 31 84 36 6 19 95 79 52 71 83 66 30 77 35 62 36 72 94 74 71 94 43 45 76 15 3 21 71 63 97 77 94 81 65 0 1 60 31 53 84 15 72 66 44 7 80 33 31 74 7 54 68 3 99 96 18 54 69 89 17 67 18 
12 0 36 64 1 48 96 7 32 63 79 50 7 38 30 40 69 4 0 23 24 55 74 21 73 28 42 14 97 61 84 61 62 20 26 15 69 22 74 53 85 53 4 44 43 34 37 12 91 89 87 15 44 61 88 17 41 31 83 91 44 67 52 6 40 78 22 9 52 96 14 37 2 18 34 45 5 71 10 96 60 97 63 4 59 4 73 52 87 56 43 31 75 96 38 15 26 12 76 79 
8 91 68 62 61 2 8 18 25 70 14 85 67 30 41 78 34 66 31 21 22 26 52 50 74 42 65 1 54 94 80 15 85 0 29 98 3 37 17 28 59 83 66 27 13 59 5 99 26 88 72 0 15 77 50 41 19 68 42 26 62 74 41 99 75 70 97 30 60 14 10 19 50 76 98 63 36 4 15 14 44 87 14 59 64 17 53 36 85 95 62 99 22 55 50 97 77 47 79 37 
14 89 9 16 18 7 31 54 63 46 20 8 86 34 19 2 51 72 38 88 20 52 87 42 7 37 91 85 37 70 74 3 59 35 19 77 95 50 83 58 49 3 18 35 38 38 37 41 62 28 30 82 80 69 24 40 59 15 77 48 37 51 3 97 39 22 74 34 24 10 92 25 13 63 12 3 1 2 97 15 30 79 98 62 48 74 2 59 42 79 7 79 83 10 76 22 84 3 56 61 
13 0 86 78 63 99 34 16 53 31 32 83 10 82 97 10 56 52 70 50 31 29 30 66 40 58 40 76 61 96 37 26 49 76 57 12 27 43 81 80 74 65 15 36 47 12 98 55 64 20 6 48 50 36 14 42 94 55 18 8 3 8 86 4 36 43 69 15 86 50 95 12 15 62 0 62 74 99 69 91 71 75 39 21 63 5 15 58 12 86 18 68 46 4 72 82 0 41 97 86 
91 44 51 58 6 51 72 80 2 42 23 26 17 62 99 81 20 15 91 32 1 61 0 47 65 25 81 17 66 78 4 58 74 7 68 80 10 41 12 65 83 36 91 52 98 90 85 70 5 28 3 58 89 55 57 7 80 38 24 47 68 80 57 42 87 25 22 50 18 87 15 53 23 6 6 73 96 43 44 54 72 47 64 13 54 22 20 35 12 97 34 81 77 43 75 17 68 98 67 39 
85 82 92 60 40 50 33 88 94 77 94 66 76 59 31 31 33 4 18 45 1 52 78 30 95 54 99 15 4 66 6 41 0 99 1 92 49 34 81 43 64 75 61 40 86 45 23 71 49 41 69 50 45 47 32 92 1 32 8 57 50 14 98 51 65 99 95 15 86 76 10 50 4 24 90 42 69 66 14 18 7 83 20 5 30 4 97 84 36 57 93 87 24 92 90 89 91 85 56 77 
14 67 27 18 43 70 12 12 36 26 82 95 9 2 0 92 6 50 28 95 7 21 82 31 13 24 21 57 61 29 86 75 48 66 45 91 36 58 3 24 36 85 71 98 39 24 90 98 74 70 93 81 91 27 65 57 3 38 14 64 67 0 92 16 18 89 7 54 99 63 30 88 0 54 86 40 78 76 90 52 46 83 85 89 62 50 46 65 88 12 81 8 65 25 24 83 15 83 38 66 
46 20 54 99 74 40 91 4 68 81 8 66 16 94 56 78 96 54 95 37 67 76 45 32 54 69 15 21 4 5 87 3 78 94 2 4 86 93 9 7 26 17 73 42 63 81 72 60 88 19 97 55 47 94 39 1 63 6 22 19 64 62 22 42 8 76 46 94 21 7 53 47 77 27 41 40 60 65 52 48 84 1 55 32 95 46 33 10 53 8 30 69 70 4 11 30 81 9 24 2 
17 78 50 94 57 43 86 69 9 91 70 93 92 77 77 40 24 11 50 29 71 32 98 41 37 61 23 70 70 47 72 39 77 74 33 86 70 72 56 79 63 78 24 7 55 2 47 79 65 50 60 36 82 10 29 71 71 52 41 42 51 66 81 29 40 67 67 62 91 75 41 54 53 66 13 9 20 61 40 85 11 1 21 45 11 50 69 83 2 10 77 5 76 10 34 69 77 54 31 68 
29 25 74 83 43 40 44 63 1 84 48 64 37 21 61 1 71 30 36 25 93 13 30 69 23 17 90 53 71 74 73 52 51 0 87 94 40 31 57 93 68 57 57 5 78 70 58 1 1 94 26 94 59 8 15 35 25 58 88 48 84 13 1 35 13 88 29 53 72 38 46 40 47 55 45 25 26 4 26 79 50 4 73 10 12 40 45 90 98 85 38 82 98 91 17 12 32 98 17 4 
36 64 44 35 71 89 60 97 45 38 76 96 94 1 6 7 42 3 49 92 88 39 75 86 31 44 50 63 43 68 67 31 84 11 67 55 52 79 5 50 70 33 46 64 87 4 23 29 7 72 73 47 12 48 33 95 45 84 58 88 4 77 71 88 88 90 95 92 70 0 42 40 86 40 4 73 44 80 2 3 52 75 50 16 76 36 11 21 20 69 61 76 98 32 64 86 75 11 31 45 
12 73 37 98 14 41 23 10 21 25 14 26 52 64 42 80 52 6 53 72 27 66 0 26 51 16 64 26 28 95 71 92 21 8 90 35 1 13 45 75 90 11 53 94 28 47 27 80 53 32 5 81 99 5 7 50 22 71 76 2 19 99 94 40 7 36 27 60 1 24 87 43 36 40 37 16 88 16 96 41 49 1 22 48 59 81 98 33 5 26 35 76 25 29 16 84 17 43 44 18 
19 32 61 55 72 50 71 60 67 20 54 68 73 28 16 32 10 66 17 67 92 52 43 17 33 59 1 50 54 97 68 73 29 81 81 54 32 4 66 99 24 20 67 98 49 35 82 11 1 0 30 45 4 73 62 90 84 15 40 90 12 61 15 94 42 96 48 26 53 14 77 77 87 44 27 88 31 62 99 84 14 29 29 18 54 43 60 38 58 53 28 23 14 43 17 8 92 65 87 45 
31 64 74 70 9 54 58 92 16 57 77 30 38 6 0 92 50 61 82 60 14 62 83 80 58 0 40 50 17 27 47 1 92 21 71 53 75 30 45 43 39 22 73 78 81 26 22 83 87 5 43 53 67 27 33 25 79 73 27 97 53 74 98 45 48 69 98 75 51 95 19 91 70 44 21 51 70 43 86 9 0 29 62 20 56 47 97 36 21 25 85 74 51 83 71 99 4 69 27 56 
16 98 99 86 42 20 89 65 63 75 26 64 5 89 36 13 36 33 1 9 58 86 35 62 21 6 13 78 27 40 34 96 38 33 82 33 5 72 98 68 99 24 84 56 65 20 70 54 6 71 63 64 10 51 26 31 9 40 9 89 32 95 85 71 80 67 56 85 91 6 6 43 82 42 99 48 15 69 2 21 93 17 37 3 20 64 86 30 56 48 19 40 43 56 63 76 23 19 13 67 
25 71 10 8 14 61 8 29 31 62 50 76 31 87 31 52 3 17 34 11 65 53 4 61 9 67 89 84 87 2 3 64 26 65 24 40 27 32 21 10 46 71 38 78 10 69 30 66 86 64 29 4 69 33 17 30 1 6 66 40 60 22 56 38 39 81 78 18 65 99 28 12 22 18 90 85 87 72 3 26 88 32 82 9 18 99 91 19 57 57 11 69 31 67 8 71 48 38 89 66 
90 70 78 12 88 20 49 76 44 52 54 32 37 36 41 55 87 84 26 44 41 37 65 25 4 25 96 5 64 37 71 54 7 1 18 96 21 68 24 65 72 30 49 9 66 42 64 53 26 90 49 19 79 14 44 84 40 92 41 56 30 64 10 37 65 28 85 38 48 61 55 21 91 4 30 9 98 95 62 24 37 63 43 17 30 40 53 22 32 94 78 62 10 88 52 27 68 37 65 17 
99 72 38 42 28 68 52 26 15 66 2 5 30 45 22 60 85 27 34 70 73 12 32 83 52 84 10 20 22 27 89 73 51 27 67 79 48 19 57 15 86 59 20 68 56 94 80 42 21 14 12 94 78 96 29 30 81 91 2 55 18 92 80 69 71 47 0 19 19 57 35 57 16 7 77 73 2 57 67 75 23 31 22 1 79 51 83 60 95 85 67 65 29 47 87 1 47 87 20 18 
45 7 75 13 15 52 38 69 61 57 44 84 88 66 37 68 70 72 80 65 57 48 30 39 47 17 40 46 57 12 64 54 20 91 19 87 43 58 56 56 15 52 40 56 19 29 24 41 1 56 6 11 56 88 50 56 58 42 2 67 6 67 21 78 58 40 65 54 50 73 10 66 26 3 22 97 84 98 38 38 6 96 49 63 84 51 19 94 45 21 61 51 40 82 30 51 75 47 57 25 
21 67 43 99 22 17 96 7 67 34 45 74 30 46 37 66 49 8 61 94 81 22 97 74 57 27 25 84 27 34 9 0 53 5 99 76 22 95 35 90 81 32 64 11 30 53 29 79 61 90 25 94 65 22 68 74 2 45 58 29 79 19 29 85 24 28 13 47 75 48 37 56 32 53 19 62 6 0 93 19 91 18 65 8 92 34 82 94 31 92 75 63 11 4 48 36 84 61 35 11 
61 72 67 93 77 38 7 35 39 0 6 82 70 71 42 62 57 24 57 89 68 32 52 79 89 0 15 25 13 50 37 74 74 56 67 3 47 26 38 86 26 44 20 48 68 62 10 25 38 19 14 58 4 18 37 93 70 5 70 83 7 7 57 82 64 76 37 11 2 76 49 80 72 21 28 40 35 91 66 25 10 32 83 66 51 20 11 21 77 82 5 85 89 14 19 5 91 56 68 45 
32 69 78 57 90 58 97 77 1 15 2 64 48 85 30 99 58 42 72 35 24 77 72 65 44 91 71 87 48 91 84 32 61 62 89 3 73 39 81 74 54 83 38 2 21 69 53 31 63 26 18 87 55 91 4 99 82 75 86 82 19 71 67 80 85 56 83 58 47 64 33 2 0 71 4 73 92 58 56 55 36 74 94 91 17 99 91 0 26 29 34 45 52 1 77 38 10 61 96 57 
77 81 11 29 5 68 54 97 78 10 5 14 85 99 5 2 50 48 54 29 30 41 74 82 94 52 72 56 65 69 14 94 2 77 24 7 45 30 57 23 41 14 37 78 65 95 32 68 43 39 97 73 80 23 8 74 75 80 31 92 1 97 39 4 26 15 63 72 45 72 95 86 38 33 64 4 80 97 72 23 36 21 49 68 44 57 94 72 37 77 64 91 26 3 95 53 18 10 25 64 
35 72 2 73 57 67 77 37 16 1 61 4 22 62 72 67 19 18 39 8 48 55 99 74 11 46 27 81 57 4 97 44 77 0 17 34 19 47 72 35 0 85 91 23 47 15 42 18 33 33 78 81 40 30 8 51 76 87 85 85 92 82 29 69 34 47 55 53 46 79 40 46 64 31 21 63 98 15 33 84 48 12 17 41 42 25 92 70 13 29 56 5 12 37 26 46 36 33 52 82 
13 92 81 29 76 2 45 74 18 78 10 18 90 28 59 84 53 4 55 18 33 63 75 45 0 53 44 89 87 96 71 52 40 52 81 68 7 26 95 25 5 5 43 47 33 55 84 39 59 39 57 92 54 33 90 54 86 86 95 25 82 67 77 74 71 11 43 78 89 38 55 46 95 99 94 29 6 78 20 65 69 29 9 23 14 99 29 53 85 25 78 19 44 8 94 15 19 89 46 8 
79 1 55 74 52 1 55 58 31 75 75 0 5 85 75 19 36 56 24 22 81 3 93 77 63 39 45 82 28 91 42 7 44 49 82 97 50 37 7 81 65 83 33 70 68 60 41 56 17 18 78 50 21 24 28 36 63 73 18 44 16 12 51 60 62 85 57 64 75 17 98 40 0 31 62 20 44 55 76 61 73 7 63 46 31 43 82 46 68 52 90 84 17 94 45 79 31 54 43 6 
23 93 98 23 25 60 95 21 68 72 34 41 79 97 40 62 41 22 60 9 27 51 46 44 97 43 75 28 49 70 87 73 64 85 96 41 46 44 62 66 16 96 59 47 45 99 61 38 74 21 0 1 24 46 97 21 89 24 50 38 94 37 11 10 74 60 3 72 56 65 38 72 13 98 71 11 97 32 49 23 5 49 76 30 95 73 51 36 49 53 27 96 42 90 6 17 2 10 41 58 
27 80 30 93 78 53 4 27 37 53 51 43 55 27 73 2 53 76 39 2 82 66 98 76 56 57 45 59 67 87 69 46 67 0 39 97 5 43 24 43 49 27 86 4 55 11 6 60 39 97 62 21 63 13 50 72 70 95 83 89 82 52 35 1 4 75 98 10 70 75 5 19 2 91 75 9 54 34 21 93 31 36 67 47 49 17 71 71 12 6 12 47 58 47 48 15 74 47 77 97 
74 82 68 76 25 44 38 79 30 59 24 13 95 91 60 96 60 83 67 73 89 79 72 0 79 20 15 5 67 44 2 41 26 71 70 3 67 60 34 49 19 58 62 15 2 75 63 62 58 31 87 0 62 59 0 93 80 67 99 99 63 1 93 41 24 15 44 43 75 78 92 46 88 55 13 42 30 77 5 40 60 44 40 22 56 92 16 36 11 67 87 74 20 32 15 45 99 59 88 74 
89 33 73 78 88 86 72 70 63 77 62 23 74 3 98 30 47 66 18 59 33 57 33 53 90 1 50 41 12 91 68 2 24 41 32 64 27 4 86 43 34 48 66 8 3 16 38 51 82 8 62 15 65 47 21 7 48 71 49 61 62 17 15 38 58 47 54 37 3 40 80 37 41 99 97 44 15 87 47 98 95 9 65 61 57 38 68 57 10 69 18 24 86 33 15 96 32 69 34 88 
62 66 77 3 65 75 47 81 62 95 31 10 56 48 23 13 87 91 71 49 61 41 25 99 27 40 96 11 62 82 99 24 48 77 79 14 52 26 47 66 73 78 28 30 26 51 95 13 43 66 62 56 60 40 7 39 32 55 50 94 37 50 70 38 79 49 52 83 28 99 49 1 29 78 83 55 29 79 21 24 97 35 32 9 75 92 48 8 47 99 54 37 1 25 75 80 26 79 63 54 
30 64 8 59 94 43 66 24 74 87 0 72 75 85 33 50 29 82 10 28 81 65 65 34 42 92 14 20 71 77 75 53 93 35 12 88 30 31 64 5 70 16 29 45 1 62 48 82 44 10 11 77 75 76 11 69 69 25 90 92 54 17 46 48 4 10 88 34 41 52 39 12 68 68 57 22 83 57 4 27 68 15 57 43 92 68 65 13 46 7 57 52 24 3 52 80 14 40 14 7 
92 6 19 61 26 77 83 9 34 87 37 2 55 94 98 47 14 15 12 12 22 69 65 98 25 17 78 91 10 44 98 2 50 18 15 77 47 98 38 33 38 75 88 93 21 38 92 88 53 56 0 27 25 65 77 2 35 55 93 45 51 44 99 2 62 15 31 61 65 69 94 3 97 82 48 70 72 40 58 25 96 11 4 74 28 81 28 63 88 74 60 40 18 12 94 32 79 25 93 44 
46 87 0 95 22 48 66 46 41 76 24 37 87 28 63 16 10 92 31 50 66 44 90 84 56 84 16 35 61 61 31 60 0 31 55 74 80 21 21 21 98 45 10 37 73 74 53 35 18 85 38 36 29 28 20 37 65 88 72 78 49 3 38 1 35 94 76 67 67 97 40 17 42 2 55 67 28 8 55 46 45 45 82 26 73 54 63 90 94 35 69 95 91 59 97 78 5 73 97 73 
70 37 42 64 91 97 83 20 58 90 18 55 35 1 82 61 7 45 3 2 33 24 97 76 84 94 54 41 19 51 66 41 40 9 57 31 58 41 3 68 83 22 24 71 75 6 32 82 3 35 84 88 60 34 64 96 28 18 37 0 21 4 41 13 13 99 97 23 92 0 92 75 22 16 46 97 74 30 80 29 18 16 18 30 50 82 26 31 53 15 31 74 19 24 40 84 23 37 8 15 
37 52 43 12 20 41 61 46 24 93 75 42 10 45 72 12 28 50 43 33 65 26 59 37 51 99 21 26 36 81 94 26 85 89 38 5 30 99 51 6 93 79 48 55 24 72 67 4 22 63 37 40 41 49 77 44 48 50 71 37 84 17 63 69 6 1 27 88 52 78 95 97 9 95 52 34 20 72 90 42 87 80 34 28 29 63 73 29 14 96 66 98 13 29 19 71 82 46 59 35 
77 6 84 86 2 37 72 22 61 63 16 48 43 3 76 24 66 1 53 80 49 20 30 62 1 2 85 84 48 45 71 77 51 7 64 5 44 88 79 57 3 48 5 98 51 34 22 17 87 28 50 37 0 32 99 1 34 85 37 83 82 60 60 85 68 76 43 64 17 22 22 20 70 79 19 73 13 93 91 1 73 93 38 73 25 89 75 60 26 64 95 60 25 7 46 45 36 89 9 53 
63 83 25 34 63 96 7 28 42 50 29 15 95 19 89 21 61 16 33 39 80 28 0 57 87 98 54 23 87 16 28 2 99 54 88 14 50 48 43 92 98 24 60 94 44 49 67 57 65 0 96 97 80 96 55 67 46 9 91 33 25 19 88 77 25 76 91 28 24 34 72 23 11 32 69 7 81 88 64 46 40 12 44 20 9 51 87 55 12 30 41 90 50 29 67 27 5 58 55 82 
45 28 57 56 60 78 63 94 66 79 92 6 91 88 26 52 39 65 60 4 96 53 94 98 34 61 25 91 71 81 73 16 9 30 24 21 8 39 15 74 70 8 32 62 48 58 66 88 24 26 92 72 79 38 70 13 99 95 5 22 76 78 91 37 61 15 11 69 7 78 44 77 38 76 91 87 87 58 27 63 84 19 35 16 9 5 81 8 52 38 30 81 17 73 18 78 89 81 99 48 
60 95 25 98 24 69 85 11 27 64 26 63 35 61 31 44 18 13 4 70 51 87 3 20 60 22 50 49 55 50 49 15 45 27 66 21 96 3 32 75 68 10 90 3 23 22 48 41 87 52 64 38 39 67 11 52 41 13 1 49 63 3 16 61 30 82 34 26 38 67 1 58 29 43 61 53 65 61 46 52 66 10 43 57 30 54 9 23 19 63 72 83 66 89 96 96 23 30 74 13 
49 27 71 79 70 85 84 36 46 30 40 64 41 83 74 23 89 83 98 9 98 71 44 64 12 92 12 87 74 86 1 76 65 72 7 36 57 91 24 56 21 64 72 14 0 46 37 41 30 88 2 80 11 98 45 23 42 9 62 17 48 63 45 13 88 52 49 97 95 25 53 16 42 78 31 94 24 20 35 6 8 90 87 71 40 32 94 83 93 9 52 41 72 97 55 12 49 56 10 96 
82 15 12 24 93 95 70 18 68 57 24 28 47 11 0 88 95 46 71 89 55 23 30 28 72 37 92 73 94 2 69 28 70 81 4 63 29 74 33 97 31 10 25 31 73 25 19 69 72 42 10 27 17 92 7 89 82 0 14 76 54 83 4 24 16 8 40 45 34 73 42 65 35 20 96 9 45 67 30 69 61 40 49 30 84 8 71 66 60 85 94 15 68 50 91 85 10 31 82 44 
57 25 10 92 45 58 1 42 78 31 12 39 23 13 22 60 21 93 78 34 79 25 49 99 75 92 36 86 76 19 30 33 44 92 77 41 3 31 83 81 14 47 72 90 60 46 2 34 40 80 68 19 5 69 70 81 13 7 19 89 26 49 74 70 94 52 63 49 35 46 82 49 46 54 39 58 53 41 92 93 74 12 64 79 33 34 12 47 41 83 36 67 33 11 89 79 15 52 28 50 
