100 100
34 8 2 52 92 6 19 94 62 13 10 98 42 37 6 49 74 16 74 29 76 24 19 32 84 88 39 71 71 0 10 5 8 64 9 53 22 28 47 84 93 9 83 35 98 41 37 72 9 11 53 85 88 73 70 72 13 9 43 85 10 5 42 70 21 52 23 43 32 22 80 26 83 15 13 82 8 50 6 69 14 12 7 2 85 77 26 98 38 22 35 0 27 78 23 1 82 98 96 14 
21 76 92 56 43 6 90 3 8 49 73 22 61 80 76 46 9 3 96 47 25 84 0 52 14 23 5 48 21 2 62 94 30 7 51 74 13 41 77 73 90 2 96 3 82 72 1 91 75 98 39 0 34 91 5 0 14 10 48 35 64 62 82 95 69 33 21 82 26 50 8 69 53 4 72 87 28 74 79 4 24 70 56 58 61 61 58 27 24 58 62 88 20 44 35 90 29 56 24 56 
59 32 25 12 36 49 51 65 23 30 21 47 52 77 57 13 91 67 40 15 25 55 55 46 51 91 88 33 99 12 89 58 97 66 22 33 15 74 50 39 56 23 38 9 1 48 74 44 67 67 59 93 22 14 91 25 57 31 58 57 43 99 67 40 65 90 26 33 64 28 24 20 52 14 81 5 62 56 49 30 23 60 75 97 26 18 74 84 49 33 93 44 84 60 37 50 50 15 35 66 
43 59 39 47 25 20 4 88 28 53 70 51 13 97 0 92 15 75 76 16 8 69 12 92 81 49 94 32 16 81 50 60 92 89 59 18 62 64 6 90 69 28 94 35 25 94 27 92 69 3 60 29 24 24 74 5 74 20 89 42 2 40 54 94 81 14 12 95 30 70 38 99 50 32 34 27 78 61 19 48 16 31 29 92 56 3 50 82 76 39 24 78 31 79 24 65 45 37 60 75 
59 98 74 10 82 61 37 61 22 9 61 91 92 90 83 48 46 85 82 22 25 7 52 8 38 76 73 83 65 86 58 25 36 84 87 19 45 76 32 20 37 93 63 82 35 46 30 33 84 65 55 9 72 7 69 62 84 43 45 1 81 55 78 17 39 17 36 37 94 20 57 83 65 20 65 1 18 48 34 2 13 42 63 37 49 33 99 85 28 96 39 9 51 17 26 42 35 15 31 81 
35 40 64 1 60 82 54 31 82 40 85 95 82 1 84 84 86 35 21 14 31 60 75 34 78 53 28 65 68 60 46 56 0 62 9 13 96 15 96 78 55 33 73 38 34 9 74 72 44 95 86 75 8 13 61 86 67 90 51 87 50 49 43 2 11 4 15 8 19 11 86 27 45 12 17 31 73 91 4 18 86 42 93 94 56 7 32 75 97 35 62 99 84 58 1 48 62 69 8 34 
80 46 61 77 10 30 61 84 21 65 2 59 7 47 6 15 54 90 90 3 26 53 2 62 63 56 62 25 25 70 11 57 17 24 35 79 54 96 63 27 13 65 87 72 65 93 88 71 35 30 75 61 35 29 76 98 85 38 76 10 61 87 68 30 64 55 9 70 3 73 98 16 90 85 40 55 30 80 27 65 11 54 79 98 83 55 97 69 45 73 31 6 12 51 36 28 6 46 99 61 
71 97 29 61 34 70 69 64 50 48 81 13 2 12 12 85 67 61 6 65 34 38 71 98 89 8 27 48 6 26 9 77 23 39 38 9 61 7 73 11 7 6 77 9 19 89 47 38 50 53 3 36 43 75 86 85 35 13 33 41 91 94 18 66 85 8 75 46 68 0 10 75 7 39 85 78 28 32 16 30 37 20 18 33 47 4 18 34 70 3 75 61 97 45 28 35 53 3 81 21 
56 43 97 63 82 34 93 62 18 9 92 7 81 62 40 80 67 58 14 89 61 41 50 11 86 78 46 40 34 79 13 90 23 62 5 5 96 50 20 66 59 64 74 93 27 14 25 46 25 40 35 38 81 85 49 20 16 47 60 2 79 25 44 2 88 1 59 36 51 79 3 62 96 77 7 23 43 33 21 68 25 56 59 58 93 60 78 61 8 90 63 87 68 59 41 56 12 52 44 63 
84 47 78 80 76 85 55 72 70 76 92 47 32 51 6 77 12 36 39 20 27 54 59 47 14 52 3 26 4 99 42 40 99 20 20 75 57 75 99 80 51 92 27 35 43 85 13 55 22 52 27 1 6 38 48 20 90 3 99 47 2 41 87 1 13 8 29 22 35 28 2 87 20 82 22 64 67 35 71 89 39 99 42 46 37 90 18 80 93 69 27 48 62 14 49 75 74 30 50 10 
59 52 49 31 34 71 47 54 59 19 95 50 70 38 96 59 28 67 39 74 36 66 74 51 33 75 26 7 6 28 69 17 33 18 0 19 42 48 73 53 19 69 3 89 7 52 0 87 19 40 13 7 58 87 58 91 63 37 51 21 65 72 90 50 91 90 70 85 38 43 38 9 12 41 98 71 45 51 59 16 91 24 24 1 12 34 93 27 23 96 0 41 68 90 91 11 80 61 96 71 
5 34 80 69 28 79 41 25 82 52 42 73 76 18 74 88 4 19 67 28 67 67 69 88 9 12 99 90 74 96 61 31 82 41 0 62 72 93 88 54 45 82 79 22 0 6 62 4 77 82 84 45 1 5 33 11 18 32 53 44 80 66 75 15 59 27 29 84 21 17 90 66 51 70 40 51 76 3 8 53 85 44 50 86 50 83 49 20 68 2 64 0 68 91 67 28 18 97 12 91 
66 2 10 18 24 50 21 52 5 81 58 42 26 8 81 28 44 30 0 64 85 16 16 53 7 84 33 77 81 97 69 47 52 79 17 76 81 39 81 39 72 39 81 50 99 62 78 43 45 30 59 30 46 76 35 5 60 21 83 41 18 4 40 22 35 10 99 16 1 80 55 73 71 89 24 70 51 54 66 48 85 25 78 83 1 66 89 61 87 72 54 57 76 47 80 11 57 31 79 58 
63 87 83 34 76 7 56 27 62 22 76 99 48 6 82 1 72 71 63 11 95 69 69 71 16 49 34 25 80 14 83 43 53 67 29 29 26 85 8 40 8 36 39 8 43 74 9 67 45 72 79 41 42 48 64 10 49 51 36 29 17 71 24 70 90 53 99 17 38 7 9 46 44 49 54 39 75 64 6 72 88 37 65 82 85 30 45 86 81 81 67 50 4 91 20 47 44 19 64 35 
78 25 33 74 26 40 13 1 56 72 74 44 9 39 79 47 21 24 85 54 57 53 4 13 44 24 60 41 95 76 76 74 2 9 0 28 49 14 30 5 38 56 2 99 95 33 98 17 57 84 23 66 37 28 79 81 52 92 74 0 68 50 26 70 12 26 51 13 92 81 71 30 37 73 82 84 6 80 53 15 64 77 33 53 57 12 35 61 56 61 61 25 12 87 47 76 66 98 89 58 
79 12 41 68 85 23 5 43 3 58 10 20 87 43 73 44 8 60 6 64 22 19 41 86 59 89 62 25 87 3 83 19 16 24 39 53 99 44 49 3 55 11 75 94 7 0 39 15 61 97 31 83 68 73 21 27 62 35 52 1 38 36 20 6 12 60 12 12 4 61 67 11 72 42 6 31 42 97 46 55 94 30 90 62 55 11 90 69 46 94 70 37 30 43 43 95 3 55 7 59 
68 74 71 93 68 29 24 62 26 23 18 20 5 8 34 60 72 76 81 18 71 51 7 53 94 51 48 49 58 55 9 27 81 32 72 49 61 96 64 87 71 82 59 76 42 45 88 14 74 69 85 45 73 92 50 67 95 99 69 54 6 78 33 40 62 57 41 23 5 5 62 77 39 73 5 82 70 94 48 44 63 33 41 88 78 92 56 73 43 25 79 1 55 64 41 69 21 83 44 27 
40 6 4 80 31 9 14 1 55 62 46 71 48 87 59 26 31 67 51 74 44 31 76 51 95 69 20 17 4 64 96 45 22 0 77 53 61 91 7 69 5 53 40 53 92 51 31 24 19 83 98 63 14 26 15 61 96 87 30 0 52 26 97 26 78 26 32 92 69 39 61 75 44 53 80 36 4 12 12 23 47 63 39 13 89 6 74 37 93 57 90 97 83 87 24 62 66 8 54 35 
47 67 10 91 20 43 79 24 7 92 0 54 55 39 19 44 45 93 34 90 50 24 40 86 63 16 0 29 24 54 65 71 73 27 14 93 22 93 17 29 85 17 35 40 8 54 37 5 0 71 96 2 47 88 40 10 4 40 92 28 46 9 99 19 88 13 12 11 6 82 92 44 51 28 36 60 34 73 65 86 96 13 89 43 1 29 6 5 70 50 85 68 59 84 88 47 49 0 58 8 
34 51 4 86 31 40 46 17 14 63 4 62 29 93 58 82 74 16 40 96 66 25 65 25 62 53 24 63 5 35 71 40 38 27 78 69 68 76 38 34 39 42 96 20 35 54 3 62 70 43 58 88 20 23 65 82 28 90 98 34 25 69 26 63 49 4 84 17 32 22 51 23 17 99 44 52 54 99 66 76 94 25 17 14 0 82 49 29 72 47 15 49 68 93 64 17 49 0 34 81 
75 37 4 92 37 0 96 43 99 63 71 93 40 88 60 40 71 9 21 95 56 88 97 76 33 61 94 82 62 80 15 89 18 20 81 7 72 29 50 72 92 21 17 32 62 77 25 33 38 98 80 46 87 77 23 20 91 69 55 5 49 70 94 19 42 27 26 15 56 28 39 49 2 8 33 64 38 10 49 76 9 29 23 48 59 98 20 50 67 75 55 68 98 49 40 40 28 18 7 84 
47 98 85 49 7 19 13 45 81 14 73 90 95 96 38 54 46 11 56 13 86 11 34 84 12 74 77 40 92 36 77 39 35 62 40 94 33 5 91 15 19 64 5 15 61 96 21 7 59 78 73 45 41 7 82 6 81 11 98 25 47 75 65 34 38 5 80 71 63 71 86 82 36 44 49 49 92 71 8 51 1 81 48 42 40 82 48 73 93 47 99 93 74 64 79 12 21 60 36 84 
31 74 19 19 70 68 68 62 91 29 65 92 62 66 87 3 48 35 76 94 34 27 87 9 43 66 73 17 78 61 53 62 36 72 81 6 93 2 21 84 83 38 29 45 4 16 48 5 3 77 99 90 56 38 51 0 56 24 17 35 38 70 49 74 95 82 32 88 84 5 24 67 96 53 65 52 21 13 57 25 42 8 15 99 46 66 51 55 42 68 42 80 90 91 6 85 73 91 25 58 
96 2 77 92 55 42 97 29 8 54 54 2 15 21 53 13 39 4 68 33 24 10 14 67 1 72 4 75 63 30 85 12 32 14 56 39 9 53 68 69 60 74 71 75 47 25 88 86 81 9 20 58 19 86 25 21 58 29 48 74 11 85 86 95 99 42 87 60 96 55 29 8 82 1 83 29 78 23 16 11 32 88 69 52 74 46 25 84 76 25 58 39 10 44 35 61 39 74 22 87 
81 3 95 63 4 78 45 34 53 61 98 86 1 67 90 75 66 67 59 94 92 70 33 2 66 20 15 5 94 89 92 76 93 87 91 49 17 36 84 71 49 82 9 50 1 99 77 67 66 37 61 10 59 47 64 25 67 79 31 14 69 23 42 62 63 33 11 80 70 47 3 71 81 12 22 83 63 99 2 81 88 16 91 47 63 55 73 82 35 56 48 56 31 90 70 94 76 81 27 98 
81 30 69 62 43 91 97 58 43 52 40 31 68 31 31 83 87 56 17 74 12 66 82 95 8 52 90 84 85 17 82 66 99 4 81 42 95 78 1 90 82 93 74 50 24 5 85 63 13 3 89 77 69 71 72 29 75 62 14 61 31 48 79 31 52 60 25 0 91 78 90 73 71 64 76 48 21 61 63 34 64 5 11 85 28 84 67 4 98 81 17 30 29 96 13 82 57 90 34 0 
69 24 73 92 89 49 92 62 63 56 97 79 61 8 17 89 92 84 45 43 65 62 25 46 59 38 80 68 80 14 20 49 91 93 94 32 95 86 94 58 42 91 37 55 0 6 97 44 90 42 39 55 5 64 54 16 54 34 36 35 1 56 36 92 49 30 24 96 17 18 6 11 62 96 67 14 2 64 10 93 6 50 0 63 14 54 79 69 41 67 56 94 23 92 86 25 23 62 21 40 
32 28 51 94 24 70 8 26 34 19 71 93 69 72 56 35 78 88 56 71 55 12 65 31 5 3 56 80 65 77 72 98 57 75 92 81 46 53 60 32 72 83 25 93 55 34 28 86 74 85 57 81 49 75 12 6 78 68 86 44 98 58 42 55 34 86 89 32 39 49 64 63 32 42 56 40 28 37 78 54 74 35 35 23 10 0 30 89 68 68 85 18 79 79 74 65 17 63 97 9 
64 13 72 48 7 81 88 35 70 66 89 44 54 77 19 16 77 1 57 97 70 42 16 1 73 42 66 91 57 15 0 21 28 24 69 36 57 10 23 27 28 65 23 82 42 43 51 71 44 8 20 66 3 88 67 76 30 33 67 87 48 19 60 29 96 82 65 53 92 40 33 20 5 56 55 99 99 6 70 96 14 43 62 17 31 30 46 62 63 65 1 64 85 14 93 33 96 10 86 88 
2 19 60 8 28 15 7 27 73 30 23 40 73 38 9 4 68 55 18 83 21 72 47 58 86 92 91 82 2 77 22 5 49 34 65 77 50 24 56 75 54 32 15 79 70 25 36 90 80 54 73 53 78 21 11 16 13 2 50 68 80 72 25 81 7 90 10 9 14 18 36 21 2 52 0 24 29 36 14 61 43 40 15 73 61 78 90 26 81 40 46 13 65 23 94 24 13 56 85 80 
26 21 53 29 25 53 5 6 42 20 68 37 12 35 10 73 13 0 51 46 93 50 59 10 73 5 34 39 61 71 71 40 44 24 69 22 29 26 28 71 98 48 60 10 35 71 35 49 23 87 95 16 89 7 26 62 12 12 53 26 83 24 66 80 48 87 2 78 13 30 1 12 79 62 22 66 85 58 15 8 97 63 77 38 70 3 52 34 68 6 60 3 30 78 83 31 17 85 61 83 
68 62 95 99 76 69 65 61 79 33 22 28 96 99 66 18 2 71 4 22 77 17 26 59 95 61 90 65 99 3 48 67 18 43 66 94 64 31 8 44 64 30 24 12 29 43 82 83 14 87 58 91 4 84 2 51 97 45 16 96 48 64 63 66 59 81 13 24 65 73 20 29 3 44 94 84 39 76 19 53 63 77 96 19 13 99 71 11 96 87 59 44 52 75 63 11 56 28 87 21 
1 7 3 56 4 97 92 43 25 11 49 41 41 45 60 54 96 31 17 44 71 77 41 75 52 4 86 8 84 74 82 37 33 85 93 89 34 37 85 11 48 34 52 89 31 65 96 80 96 13 24 19 42 65 94 94 21 33 55 5 59 89 42 92 74 87 82 60 24 67 71 25 53 76 66 84 41 62 16 89 28 41 9 70 58 3 17 80 88 24 37 47 13 80 40 39 19 74 99 44 
93 22 69 98 98 35 34 39 50 51 29 78 44 90 48 2 45 17 82 34 41 20 81 54 52 73 93 71 99 92 67 44 67 88 42 65 24 29 57 26 80 38 4 24 28 4 26 25 22 61 59 63 33 93 18 37 18 11 60 70 56 80 14 23 68 9 40 44 38 97 70 70 87 74 46 15 31 24 93 53 85 52 68 70 97 86 59 68 50 20 38 58 0 4 33 68 13 73 65 3 
23 35 25 10 62 71 78 93 96 71 98 33 75 66 4 25 5 63 93 55 35 31 65 87 87 98 8 1 23 73 56 98 60 34 61 22 5 39 67 53 62 17 39 89 84 95 66 89 10 59 96 46 42 61 33 30 11 41 83 86 66 91 85 27 25 46 1 83 37 69 88 51 86 27 40 22 22 7 11 33 18 59 79 13 72 64 95 83 58 78 22 24 21 7 51 99 53 53 82 42 
74 70 93 12 50 85 35 72 44 98 5 63 10 36 28 82 53 23 18 11 53 40 87 74 99 91 73 52 96 7 46 70 30 39 34 80 24 69 52 69 20 10 84 30 98 12 64 51 87 34 14 40 74 2 14 73 93 88 77 89 47 23 11 77 62 45 57 39 67 62 60 87 72 44 69 22 8 33 74 95 68 40 35 94 42 1 20 87 89 97 28 89 73 39 66 87 37 24 26 4 
86 86 43 10 82 64 32 90 49 58 85 69 99 72 64 93 74 36 33 15 33 61 4 58 53 71 46 42 95 24 98 33 11 93 43 93 57 27 36 6 86 73 28 85 46 44 30 20 80 63 35 65 77 92 24 82 63 22 24 10 46 74 43 57 67 38 3 76 65 91 34 51 64 62 88 10 6 71 82 38 86 70 4 63 62 80 97 77 2 73 87 48 47 82 58 66 72 13 42 37 
4 77 41 68 91 81 31 50 52 65 88 39 35 92 54 97 72 4 26 26 29 13 75 77 47 85 95 19 98 90 9 2 67 2 22 10 83 5 60 88 71 49 79 6 93 85 56 66 89 82 44 19 48 19 48 47 56 95 67 54 85 28 8 4 30 83 15 65 88 75 53 11 76 84 70 70 70 78 88 11 12 32 82 60 4 82 60 60 78 79 67 63 7 75 20 89 10 35 54 51 
62 60 62 39 96 32 9 66 10 49 30 23 81 12 35 85 47 95 98 25 26 65 40 33 92 60 74 3 47 81 54 10 41 68 1 37 1 62 56 63 11 38 38 92 2 26 30 49 21 80 26 48 45 19 33 89 31 60 44 79 41 50 41 82 19 42 71 72 4 79 35 15 17 74 59 20 0 89 21 73 69 48 73 66 67 59 8 98 19 52 29 60 3 70 94 74 64 17 46 68 
97 33 35 66 59 95 38 11 36 60 85 58 8 10 24 27 21 32 25 92 37 55 52 92 77 98 66 42 68 12 62 65 45 98 83 5 45 22 16 81 82 53 39 42 16 16 69 37 0 46 30 37 53 34 29 31 85 95 25 53 59 87 70 5 85 53 62 82 27 30 64 9 84 55 3 0 71 72 89 72 19 71 9 24 58 91 55 43 86 80 48 98 20 18 55 57 71 17 40 99 
47 4 60 83 11 64 35 83 88 25 55 59 48 16 84 6 59 39 1 98 72 49 96 44 67 51 1 91 68 41 42 67 97 54 51 9 18 86 44 59 63 51 18 64 19 2 70 79 94 24 77 18 73 73 62 93 76 15 36 44 9 78 63 6 84 14 67 55 53 63 14 68 14 32 32 86 87 55 65 81 79 94 99 4 19 13 49 95 28 37 91 37 67 54 96 52 21 15 7 26 
79 21 94 45 5 27 31 92 34 48 25 65 42 76 21 13 89 71 8 70 8 99 7 76 6 55 80 27 23 87 53 54 60 99 99 17 78 83 62 12 83 87 77 78 64 99 91 5 22 0 75 82 51 35 10 57 42 90 36 65 29 41 19 89 41 71 59 19 6 21 84 89 8 61 19 24 12 11 30 86 63 57 21 14 92 31 24 35 74 60 52 3 54 72 45 95 43 4 66 49 
25 50 90 85 64 10 10 28 73 40 15 36 97 36 2 42 19 78 29 93 39 81 49 45 53 94 40 48 50 58 49 75 9 92 12 73 54 22 53 27 14 68 63 64 56 17 6 76 96 35 21 87 16 70 32 22 16 24 22 66 82 72 41 91 16 54 16 70 28 22 97 43 90 12 7 99 29 65 27 25 0 0 64 68 71 96 42 87 20 65 54 55 89 47 98 5 53 67 27 82 
89 24 77 79 88 84 30 17 49 9 95 1 10 11 21 81 8 64 20 80 81 26 87 22 26 86 79 79 53 6 13 42 82 90 73 70 26 4 87 27 13 34 80 75 46 2 56 6 18 29 38 99 55 26 73 81 12 52 13 65 58 26 59 40 69 32 10 47 88 49 75 54 36 7 29 82 61 38 40 79 67 78 30 74 4 3 8 68 55 21 85 65 99 44 57 20 77 19 68 17 
69 95 71 57 2 1 91 64 39 31 95 58 61 26 32 18 81 40 86 89 13 72 54 13 68 12 33 97 83 53 15 4 48 86 61 51 39 52 67 78 83 62 36 97 40 21 15 22 61 1 11 27 25 17 40 94 29 25 43 65 79 58 69 79 97 31 82 36 83 49 15 19 12 3 16 4 24 83 26 38 84 37 17 62 55 9 8 36 34 51 1 65 10 71 97 7 54 79 43 89 
29 10 60 93 66 28 97 42 11 24 32 48 13 49 10 68 58 18 57 45 21 10 62 31 81 59 90 87 39 86 77 20 48 37 13 14 66 62 9 77 38 41 25 52 43 87 72 53 57 29 50 79 40 13 10 73 24 53 61 15 39 38 35 39 27 0 54 93 63 15 23 1 56 48 5 51 88 78 5 45 7 55 24 99 20 87 73 97 40 34 12 31 24 0 70 51 0 76 97 15 
91 20 69 0 20 74 51 8 52 8 6 12 16 30 11 36 69 84 33 61 70 98 92 46 98 15 50 50 43 47 18 87 19 87 39 39 13 90 0 18 51 6 30 67 88 93 55 58 30 41 19 0 39 64 99 89 31 49 39 74 96 9 13 67 96 52 6 62 95 58 80 46 16 62 65 5 55 20 63 85 61 34 38 52 98 37 41 29 86 33 56 34 42 69 1 91 22 59 53 17 
18 33 15 34 47 80 91 2 0 6 40 62 41 78 14 39 67 8 21 53 41 77 39 83 46 40 74 20 99 27 37 69 12 52 56 59 32 47 14 85 6 54 99 47 84 65 38 51 73 59 56 14 88 95 50 87 87 24 7 38 4 97 8 68 1 16 80 86 15 94 71 21 0 70 68 36 87 59 87 61 18 95 75 59 90 77 46 77 54 5 67 10 54 75 78 8 43 10 94 59 
56 17 80 56 39 1 44 26 60 31 87 30 78 15 89 20 92 87 97 46 45 17 56 99 92 87 59 36 97 53 47 6 70 27 14 61 80 59 88 40 42 27 71 21 42 12 41 87 0 91 33 97 8 42 48 52 81 8 88 78 61 87 84 84 15 99 97 95 10 85 88 52 13 59 73 7 23 15 94 75 58 80 72 66 22 21 18 3 29 59 33 42 46 70 78 13 21 76 61 31 
13 49 83 78 60 9 86 35 76 80 11 34 60 83 52 34 56 22 89 37 81 75 32 80 45 10 45 18 38 6 49 4 7 84 82 19 93 68 55 69 49 66 55 61 1 7 48 58 30 37 95 63 64 27 95 61 90 41 79 80 99 80 84 59 65 67 30 58 35 85 80 36 3 35 50 5 95 50 63 77 39 10 40 4 38 88 65 80 81 45 60 80 25 45 91 42 64 22 53 51 
59 85 40 63 72 90 20 67 92 83 44 31 45 37 35 35 25 53 15 6 50 76 38 75 73 30 70 37 4 23 40 63 8 80 78 80 22 98 0 14 33 96 46 79 33 33 14 10 86 30 16 36 58 7 64 83 89 34 72 93 9 12 8 69 93 87 1 15 85 1 30 19 98 28 50 83 61 64 94 0 46 62 88 4 69 52 39 58 38 11 3 99 24 12 68 17 51 70 84 36 
23 66 7 21 94 57 5 8 74 51 60 20 13 48 77 35 1 68 45 91 80 49 91 4 13 11 73 64 81 57 0 5 76 60 78 22 69 35 30 43 38 42 16 52 91 45 39 44 13 84 35 93 33 78 49 46 90 22 10 23 32 63 80 8 75 11 30 44 46 13 40 85 55 8 89 46 5 28 42 18 12 30 64 98 8 13 96 50 88 7 26 20 22 6 80 49 17 10 45 16 
23 85 53 31 45 94 29 50 22 72 21 86 2 37 36 62 2 33 65 90 92 91 62 14 97 42 15 67 5 60 35 80 98 88 11 43 82 93 46 56 65 19 94 19 56 31 33 58 64 98 49 56 41 63 22 91 58 37 58 63 49 93 43 47 33 7 43 67 52 41 23 69 60 69 88 16 52 73 74 16 24 75 24 65 91 98 56 49 87 66 12 37 11 7 36 44 66 31 63 18 
24 38 87 84 8 27 52 60 53 79 29 77 6 53 94 97 4 3 46 91 21 10 80 33 18 17 29 36 0 93 7 25 31 46 9 91 74 14 4 79 93 33 8 99 38 2 97 42 57 95 34 79 6 66 64 76 83 93 64 84 38 71 9 22 18 70 65 44 84 69 23 29 54 31 81 93 85 30 87 95 25 73 74 83 40 38 59 23 83 76 59 74 47 20 96 17 43 13 13 79 
83 36 9 37 19 90 82 57 20 70 52 45 43 26 81 83 16 92 59 51 68 70 25 68 91 73 85 86 87 99 65 22 87 74 59 59 16 42 16 36 64 68 34 7 46 15 43 14 7 2 65 28 24 43 96 15 68 33 1 55 84 19 77 72 93 89 83 10 83 99 98 47 19 32 6 65 99 49 31 7 3 48 87 28 91 83 95 60 16 49 67 53 68 97 25 13 38 8 23 21 
59 74 20 78 6 26 95 6 28 26 65 31 74 4 11 18 87 59 30 55 8 49 8 28 46 85 41 36 45 17 57 4 91 29 34 49 8 29 7 36 7 24 19 34 28 83 4 15 42 34 23 2 83 31 30 82 69 23 18 14 40 28 71 83 9 5 85 17 35 92 5 94 17 25 28 45 8 32 13 2 18 88 4 54 71 34 36 40 9 6 7 2 86 78 85 48 83 22 65 70 
15 71 65 84 48 45 81 8 30 94 10 48 82 14 2 54 0 90 46 9 49 53 11 87 31 49 35 15 71 53 37 86 76 2 70 24 0 52 32 30 98 42 30 33 8 85 39 8 27 85 17 76 91 29 16 22 78 3 89 1 56 27 88 32 81 10 8 33 14 40 63 65 34 94 50 42 79 89 50 58 26 20 87 17 1 3 92 31 6 33 32 15 12 72 99 46 83 8 79 49 
48 43 14 83 89 16 77 20 5 80 78 84 0 65 53 53 68 45 84 27 79 16 94 43 41 93 89 76 1 69 25 50 12 92 85 53 8 14 73 66 94 51 50 46 69 3 99 89 1 83 68 32 52 62 75 93 56 65 69 57 34 46 59 98 38 44 3 99 11 76 65 5 79 67 52 48 70 51 90 71 87 58 3 39 21 31 84 77 96 5 86 82 51 46 32 42 42 35 41 53 
11 58 59 42 25 63 43 47 14 33 71 53 91 26 44 64 57 28 41 53 85 80 87 37 26 19 31 68 54 24 22 17 34 33 12 59 96 55 58 62 40 29 16 83 8 60 48 65 41 41 71 26 21 58 15 47 78 98 68 84 22 90 54 56 23 66 67 19 21 26 81 13 7 49 96 15 62 96 33 55 90 4 33 11 62 49 11 92 99 79 29 22 21 83 78 96 49 98 67 22 
76 0 35 35 50 83 51 12 32 36 67 22 40 0 33 2 1 96 47 1 27 76 75 0 59 5 96 60 3 63 34 79 64 21 15 14 56 18 78 88 54 97 10 46 49 96 0 51 92 47 4 72 75 79 72 86 84 69 46 40 84 32 19 48 53 86 14 10 56 44 98 62 41 61 8 91 57 9 94 1 8 98 73 84 29 46 22 65 67 21 5 51 53 77 52 7 15 18 69 72 
63 19 86 4 80 95 47 37 56 93 39 16 43 64 52 72 62 75 38 29 96 43 33 49 20 37 8 36 55 29 60 18 49 46 75 29 93 74 19 1 68 10 18 11 74 22 36 37 97 74 18 93 69 51 43 42 40 3 30 96 33 90 66 34 88 41 15 34 68 34 87 36 96 5 99 71 80 35 8 77 9 78 71 31 30 66 73 22 21 3 18 54 93 85 40 33 78 56 67 46 
90 55 34 87 12 86 10 92 21 70 22 83 48 45 14 30 11 87 53 84 42 23 91 87 8 31 20 39 87 40 37 30 47 24 69 11 10 79 56 83 49 78 66 49 23 32 80 86 71 85 70 13 8 61 0 69 93 21 60 80 13 97 10 60 73 79 71 83 10 27 67 11 57 85 61 80 18 93 66 89 78 37 55 38 50 55 7 43 28 67 76 41 17 38 53 90 18 77 26 80 
56 45 92 14 30 53 94 0 98 13 90 76 2 97 66 52 52 26 48 33 93 24 26 62 62 80 5 32 9 31 13 65 76 5 79 6 10 26 59 8 39 1 36 41 98 2 45 2 28 93 35 74 17 62 88 32 94 93 64 3 76 29 20 52 86 52 11 48 78 70 56 69 71 44 10 21 99 7 23 27 1 59 53 70 73 42 2 67 87 19 22 64 0 42 68 87 94 79 35 24 
1 44 93 24 88 55 45 39 63 69 67 16 80 72 86 53 66 89 20 54 60 42 70 60 36 38 47 83 70 35 7 71 31 53 48 71 8 93 11 23 14 30 39 94 2 26 99 21 67 19 27 79 13 97 39 2 87 39 85 57 26 44 81 57 97 29 28 58 74 91 81 41 21 73 87 76 51 87 49 70 58 76 49 72 73 88 74 12 79 11 70 5 55 3 14 53 84 95 63 10 
86 96 51 60 69 39 36 20 78 85 42 36 13 91 60 86 32 86 50 11 97 72 69 5 75 83 58 59 78 73 70 65 69 73 25 39 64 13 11 42 50 54 79 63 45 39 1 29 26 51 41 75 24 10 80 51 45 90 11 24 63 33 41 33 58 18 24 23 83 87 65 33 41 96 48 39 88 49 68 66 52 61 93 76 23 74 28 69 64 91 93 80 76 86 65 34 4 89 57 87 
28 75 72 70 23 20 61 63 69 81 29 21 95 23 50 18 49 78 39 65 21 32 45 97 70 10 31 74 51 41 13 80 68 85 2 91 5 15 7 26 96 36 48 91 11 98 62 12 28 1 78 1 86 23 98 56 86 81 83 37 74 96 69 42 34 71 86 39 86 93 18 35 81 66 78 45 16 40 57 96 94 35 97 80 11 47 88 97 80 71 86 55 20 56 97 6 27 83 97 66 
28 15 1 10 33 79 55 49 20 64 97 66 0 46 46 11 93 34 60 74 58 46 81 30 2 78 36 30 14 33 96 94 1 49 4 34 28 11 36 0 76 33 66 28 80 64 39 25 51 99 51 9 45 32 91 0 63 79 30 29 64 78 23 65 27 28 0 7 91 36 8 19 21 74 47 53 91 38 79 42 37 82 51 35 67 94 35 30 73 17 11 37 47 34 55 74 14 55 81 58 
43 41 77 64 68 25 18 59 63 49 1 53 31 4 40 98 98 75 80 23 44 43 12 91 78 67 17 44 22 50 2 17 92 80 82 12 5 0 71 68 1 24 73 32 28 13 83 78 40 15 53 84 59 65 27 89 85 44 33 59 47 36 77 91 16 59 3 73 11 26 93 12 50 67 96 30 80 79 8 21 47 13 57 6 30 85 95 15 81 80 75 28 16 4 71 84 63 74 57 26 
0 3 90 50 70 86 80 2 18 40 23 65 5 33 23 36 70 70 3 51 50 78 32 19 82 3 55 97 30 65 75 30 68 65 33 38 4 65 92 74 58 68 39 63 1 14 51 71 36 55 74 86 85 58 57 68 14 13 17 44 78 45 26 46 10 59 36 66 77 28 40 35 96 31 50 97 45 2 20 81 9 47 20 94 5 29 14 19 42 32 63 20 77 42 18 39 1 54 6 30 
35 98 65 31 30 68 81 27 22 53 61 31 0 81 25 6 10 92 77 5 76 93 77 5 35 96 44 88 2 2 19 37 53 36 21 83 4 2 10 78 7 23 9 8 56 87 66 67 79 95 24 55 88 1 12 75 97 8 64 0 11 83 89 16 71 10 99 76 64 61 6 72 85 16 32 41 55 50 60 86 45 36 41 86 38 5 61 87 13 25 87 76 60 77 92 32 39 91 60 4 
5 66 76 42 34 60 83 89 10 96 27 55 32 20 93 22 25 55 10 39 32 97 15 93 26 8 77 66 51 89 22 56 7 98 50 94 10 86 35 20 82 63 27 66 83 21 89 9 76 99 48 8 48 63 53 27 23 30 93 75 71 67 83 79 17 34 73 27 20 8 47 2 71 74 20 55 95 9 16 23 60 64 84 9 79 37 36 3 20 81 78 91 48 13 22 65 47 47 44 67 
56 91 21 79 17 42 86 65 3 2 40 64 18 24 25 98 62 13 53 82 94 31 25 94 96 48 11 44 95 55 63 3 98 85 35 67 79 21 32 34 76 73 50 94 97 75 92 11 40 45 45 86 28 23 80 25 23 43 21 18 50 84 74 0 21 9 68 0 82 52 87 58 77 37 53 75 65 97 38 5 95 84 92 75 7 24 52 30 20 73 0 70 58 26 23 79 87 91 32 70 
95 19 80 73 8 33 0 73 83 38 79 78 74 23 53 33 47 6 15 67 31 16 90 41 94 13 73 82 56 5 4 51 76 84 24 84 18 24 58 53 63 89 31 89 12 36 23 11 94 38 31 26 6 73 67 1 86 40 35 94 97 39 45 25 75 22 10 45 46 20 98 61 61 29 51 25 66 26 36 12 64 19 38 71 92 6 24 30 98 11 24 48 50 70 73 25 92 35 71 90 
55 69 52 68 51 55 93 69 81 82 81 97 1 20 20 94 78 96 76 28 7 1 76 9 71 2 87 15 37 58 5 45 79 9 13 82 16 59 3 49 41 85 99 42 57 19 88 87 16 65 67 75 18 96 85 41 98 72 56 87 82 13 84 13 75 98 96 43 9 99 93 50 36 92 44 93 63 85 32 31 2 0 7 20 96 92 61 46 16 69 33 98 34 18 63 9 68 59 5 77 
11 98 79 99 42 75 45 5 60 77 37 14 29 44 34 25 88 47 23 4 68 57 54 3 27 69 64 47 29 69 76 92 67 55 91 9 82 36 67 43 66 4 57 95 0 44 73 88 43 96 44 12 5 50 15 84 19 79 31 0 1 7 92 20 14 36 30 97 24 49 92 90 53 1 38 53 45 11 93 41 59 37 53 65 87 68 49 6 99 33 59 52 40 51 73 7 39 55 56 64 
4 48 6 57 49 44 62 47 7 55 88 67 92 93 84 31 13 85 89 12 18 48 65 11 52 90 18 91 45 74 55 49 74 14 6 75 10 68 74 18 75 14 37 67 7 21 98 20 6 39 85 77 88 2 88 40 92 6 31 37 32 39 86 58 53 44 33 15 64 60 33 39 74 70 6 82 43 56 2 50 95 39 79 35 41 67 75 33 25 59 70 57 98 8 67 3 52 52 18 16 
12 4 55 87 74 13 21 70 69 75 72 17 15 51 52 56 18 80 42 43 39 12 52 89 21 19 44 25 23 62 42 36 18 97 23 93 63 96 15 84 71 87 1 86 38 6 95 56 38 37 51 77 1 3 66 74 74 62 0 97 24 42 33 95 91 8 40 54 4 55 39 28 42 92 14 80 50 9 36 88 98 87 65 0 42 83 74 16 45 74 65 22 68 51 17 60 59 57 66 16 
12 57 44 6 50 10 86 0 72 74 89 70 13 6 22 55 42 97 23 87 23 88 61 92 39 30 4 51 39 22 19 3 80 15 9 30 77 95 82 49 69 71 72 82 30 94 89 72 91 12 11 67 53 73 11 44 55 67 47 95 89 18 50 21 33 60 3 11 7 86 12 29 9 84 63 39 79 5 11 22 17 75 89 22 0 52 19 55 19 66 2 61 85 5 82 70 65 86 33 24 
24 46 53 33 30 69 25 9 74 36 84 43 63 73 18 63 26 37 71 97 55 25 58 92 30 41 63 47 79 96 72 3 42 77 36 25 98 61 34 72 50 70 68 65 44 86 29 22 23 52 19 30 77 78 23 8 71 86 55 50 34 79 5 29 57 93 54 55 55 40 80 57 11 48 22 7 86 3 29 61 55 0 91 33 30 14 41 1 52 48 3 39 28 8 68 37 2 74 44 9 
14 24 18 77 24 92 84 10 96 65 71 51 66 63 36 96 29 29 50 82 78 5 21 6 66 41 95 20 15 39 81 29 64 99 59 40 91 43 51 87 9 74 91 27 89 27 75 19 57 77 53 87 83 26 45 49 19 40 21 34 79 2 15 95 1 74 36 44 70 39 32 31 13 75 58 55 54 85 26 11 63 31 98 46 57 43 47 28 83 20 14 15 22 29 10 75 56 98 19 26 
37 3 9 3 78 67 58 33 4 36 96 67 67 47 65 76 90 64 4 26 84 18 93 6 99 3 81 55 54 1 33 43 56 42 46 35 61 56 20 66 92 16 85 11 63 51 87 6 15 91 84 0 61 77 58 61 32 92 68 86 45 2 30 1 96 28 36 10 37 8 28 81 25 13 93 40 16 80 46 32 24 82 84 85 59 94 98 92 86 67 30 83 21 12 85 69 41 73 79 30 
82 59 11 59 73 56 99 89 89 98 73 13 80 9 50 40 4 49 84 42 68 66 26 89 79 63 58 72 36 90 2 70 49 65 29 74 22 81 16 63 79 41 76 11 51 78 3 7 79 39 49 47 6 27 88 85 90 47 9 79 89 63 49 90 80 79 17 54 60 33 17 91 26 45 54 77 24 58 84 3 97 86 3 55 65 91 92 56 90 1 35 79 16 36 22 97 15 39 51 27 
24 21 70 50 66 25 28 90 35 64 46 32 2 49 40 68 92 32 24 83 34 11 14 2 47 36 99 15 75 3 94 99 24 65 50 42 42 30 85 77 94 31 61 97 32 1 65 24 34 41 7 20 4 22 22 3 10 74 18 86 29 13 37 5 30 87 47 24 17 32 1 64 15 14 13 47 16 30 24 2 23 83 74 27 57 96 30 68 22 1 6 51 66 43 56 48 83 4 72 0 
88 25 16 4 39 29 3 7 11 27 9 34 63 83 13 20 32 96 88 6 97 46 10 15 90 66 63 73 22 87 25 63 12 94 67 3 23 22 11 87 50 20 21 13 56 35 85 40 31 26 98 80 72 8 47 62 27 62 87 49 49 13 64 13 7 31 16 82 54 27 69 56 0 43 21 8 30 58 0 13 84 98 45 57 59 92 71 86 6 59 87 55 24 52 20 31 35 88 65 89 
68 87 97 68 82 70 28 12 29 80 25 13 30 22 22 89 14 94 75 20 5 63 27 81 15 99 64 50 87 29 92 55 68 41 75 50 12 55 62 41 35 39 6 66 61 29 7 27 75 83 99 32 98 78 13 13 77 77 15 17 58 59 24 27 1 0 77 65 7 40 58 95 31 64 13 93 45 20 20 72 3 72 4 1 50 69 66 80 46 82 97 5 93 21 32 94 73 61 11 33 
1 69 28 33 86 41 78 31 61 50 4 17 22 60 18 25 30 85 5 28 19 54 85 64 75 69 11 1 31 22 34 84 92 14 17 78 55 47 61 68 98 17 85 72 78 56 97 60 93 54 40 64 8 26 28 36 95 39 37 78 62 23 63 6 89 32 36 44 80 97 64 30 15 2 54 45 58 4 57 51 58 97 15 19 23 43 55 71 35 44 49 49 19 12 55 8 97 91 4 77 
40 68 59 55 70 13 52 28 17 9 31 28 59 46 47 34 42 2 5 29 98 7 78 17 71 33 25 68 76 29 97 16 97 56 24 20 22 28 0 91 38 32 19 49 30 66 83 24 20 41 53 18 0 31 35 71 64 12 92 92 41 89 9 91 98 85 11 20 13 11 11 51 95 83 52 26 1 36 2 74 77 56 92 77 87 80 0 4 92 92 48 86 34 57 77 84 42 88 4 56 
51 67 59 47 2 12 25 4 0 27 78 29 35 22 58 75 54 58 31 47 3 79 33 89 37 62 73 31 50 29 39 53 96 51 52 99 15 29 55 15 9 33 96 44 7 54 19 62 64 2 9 19 82 94 8 71 56 81 54 58 62 94 63 11 45 16 62 12 97 17 27 6 2 75 3 9 29 74 71 93 77 32 65 59 78 73 82 86 7 36 96 69 30 60 80 27 28 42 39 25 
11 18 84 13 93 87 75 74 61 46 20 90 31 85 49 9 58 31 96 17 68 92 39 50 4 19 30 32 14 21 10 77 40 94 43 85 33 18 12 94 16 32 85 47 17 86 9 27 70 5 97 90 49 36 92 6 55 22 38 21 44 0 51 36 46 94 73 79 12 85 26 28 17 63 28 86 49 37 66 71 42 63 13 43 99 6 49 6 80 40 80 24 40 31 12 87 25 86 18 37 
23 44 17 41 7 45 79 9 82 45 80 76 60 94 72 59 52 73 18 32 13 98 9 6 29 21 45 54 59 63 43 83 60 60 24 67 58 55 76 92 53 9 21 13 55 93 25 7 66 43 39 32 41 48 90 22 22 87 76 81 50 71 64 62 83 40 30 41 96 58 86 1 67 7 66 22 0 91 81 18 86 73 50 79 73 92 1 95 79 29 77 82 0 93 44 36 34 74 77 82 
85 15 83 52 22 49 27 74 93 60 93 31 33 95 63 7 88 16 54 67 46 83 49 98 77 46 34 63 20 64 45 5 79 80 10 54 81 89 28 26 49 21 58 35 17 21 42 57 37 48 76 35 32 78 86 61 24 72 24 96 88 21 54 68 1 64 22 82 5 50 9 54 24 19 89 93 40 83 50 29 32 78 17 16 56 3 77 80 75 53 77 64 74 31 84 75 47 58 9 52 
60 70 58 84 89 0 29 29 83 31 11 67 10 28 35 18 83 64 99 10 17 28 26 91 11 10 18 10 20 28 14 81 98 72 17 40 72 99 21 8 30 32 75 92 12 11 11 95 75 62 6 45 42 32 88 5 95 7 15 15 87 29 48 37 53 18 77 26 17 99 86 99 83 61 92 96 24 55 43 52 17 1 49 59 86 37 64 81 96 31 48 83 12 49 73 65 19 2 43 36 
53 29 87 37 43 79 85 19 34 80 23 3 82 72 14 20 10 78 53 6 61 1 42 73 2 67 91 21 69 86 9 23 68 97 12 11 28 49 82 63 29 6 18 63 78 33 35 88 63 88 47 25 42 41 50 44 8 93 18 77 80 27 52 48 24 64 11 53 65 93 68 95 99 38 10 30 71 46 70 35 86 17 12 28 58 14 73 18 60 91 96 92 70 48 40 95 65 3 0 30 
48 20 77 48 10 40 78 82 38 48 69 24 18 33 53 28 99 78 47 59 21 43 51 43 43 43 90 60 46 90 91 95 62 20 95 73 60 25 7 50 25 76 75 95 61 80 24 60 10 71 20 83 66 71 26 61 67 17 22 13 59 65 60 74 85 7 99 98 84 6 48 10 34 23 5 95 55 81 55 17 52 27 0 70 51 27 84 18 96 6 83 55 23 96 81 8 3 80 58 88 
86 7 50 20 82 7 67 38 89 75 55 41 54 8 64 5 35 48 75 83 6 59 38 29 7 20 37 10 52 48 50 39 55 52 11 37 60 79 27 49 6 35 42 60 43 6 66 30 6 41 65 12 52 3 41 59 75 31 22 28 79 24 19 86 77 30 75 37 61 3 38 67 90 80 80 85 39 98 15 45 39 32 10 44 35 3 55 63 86 77 43 17 2 14 3 31 96 79 20 58 
34 58 77 76 38 9 61 77 7 28 75 99 60 85 43 47 40 50 62 27 28 5 44 82 71 0 65 68 31 85 78 17 43 7 93 81 17 54 11 24 82 38 75 42 23 18 41 15 21 4 42 49 61 39 83 33 91 48 53 22 85 31 39 28 90 32 61 7 38 72 84 20 10 59 14 85 30 55 1 51 59 95 52 21 86 87 6 77 87 59 99 72 90 90 0 80 74 61 40 12 
86 76 84 48 35 50 86 17 6 39 20 17 34 72 90 73 59 48 50 46 7 2 70 49 92 70 82 19 84 74 83 22 50 68 22 37 18 8 55 76 47 75 46 34 0 88 7 11 37 57 10 96 11 80 46 56 3 80 75 39 54 58 61 4 78 83 41 49 92 48 77 91 76 23 77 28 64 84 39 53 94 1 49 5 82 47 61 37 27 88 76 81 99 37 37 77 72 31 26 16 
79 56 8 7 79 85 35 95 22 27 48 68 28 98 73 62 45 87 51 25 27 27 6 26 16 96 4 89 27 82 5 58 38 65 66 70 51 53 17 25 80 66 93 61 16 18 75 13 57 27 38 85 54 97 11 23 93 67 12 20 2 69 78 92 35 96 62 38 50 80 63 82 98 8 95 66 26 71 79 84 50 70 21 56 67 84 79 12 4 91 32 6 13 62 98 48 11 13 86 61 
45 1 95 95 61 91 61 87 14 40 23 64 62 44 20 29 81 0 41 85 43 25 91 56 40 41 56 51 54 42 64 51 95 59 46 56 2 7 96 68 0 19 32 62 16 5 44 97 57 37 82 0 15 25 9 55 18 65 58 25 60 22 76 7 33 23 64 88 82 12 56 34 31 41 97 99 98 93 48 55 30 82 7 97 59 68 52 78 86 62 3 46 84 31 53 70 6 69 10 89 
81 66 23 65 59 72 16 9 65 65 16 48 99 24 45 59 44 50 37 30 12 92 28 49 23 82 19 30 3 29 71 37 47 46 54 59 19 70 68 36 87 85 84 87 61 82 46 5 32 35 88 96 27 16 45 2 50 64 32 54 45 55 43 45 2 97 4 73 19 24 9 59 9 46 98 22 28 44 80 12 31 68 8 10 36 54 12 87 70 97 93 68 52 88 13 6 85 17 79 56 
